entrezID,gene_symbol,probe_seq,biotype,bioproject,res_design,host_type,virus_strain,M.O.I,H.P.I,log2FoldChange,t,B,pvalue,padj,baseMean,lfcSE,stat
51780,KDM3B,GGACTCCTCTTAATGTTTCCAAATGGGAAGGACAGTTGATTTCCAACATGAGGTTTTTTG,protein_coding,PRJNA139513,A/Vietnam/1203/2004(H5N1) vs. mock infection,Calu-3,A/Vietnam/1203/2004(H5N1),1,0,0.123377966666665,1.46065736292513,-4.67165036908767,0.195882699390052,0.73798325360505,NA,NA,NA
51780,KDM3B,GGACTCCTCTTAATGTTTCCAAATGGGAAGGACAGTTGATTTCCAACATGAGGTTTTTTG,protein_coding,PRJNA139513,A/Vietnam/1203/2004(H5N1) vs. mock infection,Calu-3,A/Vietnam/1203/2004(H5N1),1,12,-1.93106723333334,-10.7077930121053,2.71547610337257,4.09564978684299e-05,0.000556452766714953,NA,NA,NA
51780,KDM3B,GGACTCCTCTTAATGTTTCCAAATGGGAAGGACAGTTGATTTCCAACATGAGGTTTTTTG,protein_coding,PRJNA139513,A/Vietnam/1203/2004(H5N1) vs. mock infection,Calu-3,A/Vietnam/1203/2004(H5N1),1,18,-2.99417912433333,-10.4620639994529,2.94615844352163,3.82186407293576e-05,0.000731190714248635,NA,NA,NA
51780,KDM3B,GGACTCCTCTTAATGTTTCCAAATGGGAAGGACAGTTGATTTCCAACATGAGGTTTTTTG,protein_coding,PRJNA139513,A/Vietnam/1203/2004(H5N1) vs. mock infection,Calu-3,A/Vietnam/1203/2004(H5N1),1,24,-2.72587009233333,-15.558383495691,5.32216511236799,3.6644418250267e-06,8.60797334382061e-05,NA,NA,NA
51780,KDM3B,GGACTCCTCTTAATGTTTCCAAATGGGAAGGACAGTTGATTTCCAACATGAGGTTTTTTG,protein_coding,PRJNA139513,A/Vietnam/1203/2004(H5N1) vs. mock infection,Calu-3,A/Vietnam/1203/2004(H5N1),1,3,0.13662959333333,1.07248233563505,-4.85011727757135,0.327534417814495,0.756078544276511,NA,NA,NA
51780,KDM3B,GGACTCCTCTTAATGTTTCCAAATGGGAAGGACAGTTGATTTCCAACATGAGGTTTTTTG,protein_coding,PRJNA139513,A/Vietnam/1203/2004(H5N1) vs. mock infection,Calu-3,A/Vietnam/1203/2004(H5N1),1,7,-0.818997979333334,-6.52737268940584,-0.154205630520195,0.000705001802410997,0.00942862280020528,NA,NA,NA
51780,KDM3B,GGACTCCTCTTAATGTTTCCAAATGGGAAGGACAGTTGATTTCCAACATGAGGTTTTTTG,protein_coding,PRJNA163315,A/California/04/09 (H1N1) vs. mock infection,Calu-3,A/California/04/09 (H1N1),3,0,0.110449919999999,1.89280699735854,-4.50986209298608,0.106290380758528,0.525062983822168,NA,NA,NA
51780,KDM3B,GGACTCCTCTTAATGTTTCCAAATGGGAAGGACAGTTGATTTCCAACATGAGGTTTTTTG,protein_coding,PRJNA163315,A/California/04/09 (H1N1) vs. mock infection,Calu-3,A/California/04/09 (H1N1),3,12,-0.574810900333334,-7.46171363827088,0.226253352404671,0.000299467178183605,0.00269654263069822,NA,NA,NA
51780,KDM3B,GGACTCCTCTTAATGTTTCCAAATGGGAAGGACAGTTGATTTCCAACATGAGGTTTTTTG,protein_coding,PRJNA163315,A/California/04/09 (H1N1) vs. mock infection,Calu-3,A/California/04/09 (H1N1),3,18,-0.557464703333334,-4.32325201488665,-2.73952271764538,0.0040844734482495,0.0126455925433322,NA,NA,NA
51780,KDM3B,GGACTCCTCTTAATGTTTCCAAATGGGAAGGACAGTTGATTTCCAACATGAGGTTTTTTG,protein_coding,PRJNA163315,A/California/04/09 (H1N1) vs. mock infection,Calu-3,A/California/04/09 (H1N1),3,24,-0.565754744000003,-9.18070566609473,1.25143174654636,0.000116281412331911,0.0011280066608431,NA,NA,NA
51780,KDM3B,GGACTCCTCTTAATGTTTCCAAATGGGAAGGACAGTTGATTTCCAACATGAGGTTTTTTG,protein_coding,PRJNA163315,A/California/04/09 (H1N1) vs. mock infection,Calu-3,A/California/04/09 (H1N1),3,30,-0.590336354666668,-9.87970588802998,1.60640896641555,7.37471094035945e-05,0.000533896619380087,NA,NA,NA
51780,KDM3B,GGACTCCTCTTAATGTTTCCAAATGGGAAGGACAGTTGATTTCCAACATGAGGTTTTTTG,protein_coding,PRJNA163315,A/California/04/09 (H1N1) vs. mock infection,Calu-3,A/California/04/09 (H1N1),3,36,-0.494289185333331,-4.96552925092291,-2.06279179767665,0.00275150087180252,0.0125797957610229,NA,NA,NA
51780,KDM3B,GGACTCCTCTTAATGTTTCCAAATGGGAAGGACAGTTGATTTCCAACATGAGGTTTTTTG,protein_coding,PRJNA163315,A/California/04/09 (H1N1) vs. mock infection,Calu-3,A/California/04/09 (H1N1),3,3,-0.010045261666674,-0.138167586583379,-5.22993081316603,0.894431990997647,0.999999999999963,NA,NA,NA
51780,KDM3B,GGACTCCTCTTAATGTTTCCAAATGGGAAGGACAGTTGATTTCCAACATGAGGTTTTTTG,protein_coding,PRJNA163315,A/California/04/09 (H1N1) vs. mock infection,Calu-3,A/California/04/09 (H1N1),3,48,-0.147814429999999,-1.46812637916366,-6.50878360433705,0.193273549877099,0.293303163393593,NA,NA,NA
51780,KDM3B,GGACTCCTCTTAATGTTTCCAAATGGGAAGGACAGTTGATTTCCAACATGAGGTTTTTTG,protein_coding,PRJNA163315,A/California/04/09 (H1N1) vs. mock infection,Calu-3,A/California/04/09 (H1N1),3,7,-0.315621757333334,-4.43275371102113,-2.57184862621721,0.00421458588855561,0.031529301301019,NA,NA,NA
51780,KDM3B,GGACTCCTCTTAATGTTTCCAAATGGGAAGGACAGTTGATTTCCAACATGAGGTTTTTTG,protein_coding,PRJNA175069,A/California/04/09 (H1N1) vs. mock infection,Calu-3,A/California/04/09 (H1N1),3,0,0.0454739133333284,0.651086829089555,-5.67178201624426,0.540108125556808,0.934350126587784,NA,NA,NA
51780,KDM3B,GGACTCCTCTTAATGTTTCCAAATGGGAAGGACAGTTGATTTCCAACATGAGGTTTTTTG,protein_coding,PRJNA175069,A/California/04/09 (H1N1) vs. mock infection,Calu-3,A/California/04/09 (H1N1),3,12,-0.0123903233333351,-0.199731867033371,-7.39501612249224,0.848265395296581,0.886317442403506,NA,NA,NA
51780,KDM3B,GGACTCCTCTTAATGTTTCCAAATGGGAAGGACAGTTGATTTCCAACATGAGGTTTTTTG,protein_coding,PRJNA175069,A/California/04/09 (H1N1) vs. mock infection,Calu-3,A/California/04/09 (H1N1),3,24,-0.352289576666667,-6.04719412704504,-1.0930165891431,0.000910116449250079,0.00648324248168386,NA,NA,NA
51780,KDM3B,GGACTCCTCTTAATGTTTCCAAATGGGAAGGACAGTTGATTTCCAACATGAGGTTTTTTG,protein_coding,PRJNA175069,A/California/04/09 (H1N1) vs. mock infection,Calu-3,A/California/04/09 (H1N1),3,48,-0.401124056666669,-5.59035199248046,-1.26232118641183,0.00127277441457295,0.00836707208270224,NA,NA,NA
51780,KDM3B,GGACTCCTCTTAATGTTTCCAAATGGGAAGGACAGTTGATTTCCAACATGAGGTTTTTTG,protein_coding,PRJNA175069,A/Netherlands/602/2009 (H1N1) vs. mock infection,Calu-3,A/Netherlands/602/2009 (H1N1),3,0,-0.0136263733333362,-0.205283415185684,-6.04240045763023,0.844287650703916,0.954930433366197,NA,NA,NA
51780,KDM3B,GGACTCCTCTTAATGTTTCCAAATGGGAAGGACAGTTGATTTCCAACATGAGGTTTTTTG,protein_coding,PRJNA175069,A/Netherlands/602/2009 (H1N1) vs. mock infection,Calu-3,A/Netherlands/602/2009 (H1N1),3,12,-0.0054862100000026,-0.0734326941014458,-7.13019897012562,0.943849163958015,0.96744564908902,NA,NA,NA
51780,KDM3B,GGACTCCTCTTAATGTTTCCAAATGGGAAGGACAGTTGATTTCCAACATGAGGTTTTTTG,protein_coding,PRJNA175069,A/Netherlands/602/2009 (H1N1) vs. mock infection,Calu-3,A/Netherlands/602/2009 (H1N1),3,18,-0.177509800000001,-2.06180857255472,-5.54894477373546,0.0830439302276366,0.262986658378847,NA,NA,NA
51780,KDM3B,GGACTCCTCTTAATGTTTCCAAATGGGAAGGACAGTTGATTTCCAACATGAGGTTTTTTG,protein_coding,PRJNA175069,A/Netherlands/602/2009 (H1N1) vs. mock infection,Calu-3,A/Netherlands/602/2009 (H1N1),3,24,-0.440034733333333,-6.41768911280014,-0.504823352917953,0.000678689611405681,0.010219413715612,NA,NA,NA
51780,KDM3B,GGACTCCTCTTAATGTTTCCAAATGGGAAGGACAGTTGATTTCCAACATGAGGTTTTTTG,protein_coding,PRJNA175069,A/Netherlands/602/2009 (H1N1) vs. mock infection,Calu-3,A/Netherlands/602/2009 (H1N1),3,30,-0.605814323333336,-8.48418452590239,0.940825754318623,0.000158536252017188,0.00161187781454215,NA,NA,NA
51780,KDM3B,GGACTCCTCTTAATGTTTCCAAATGGGAAGGACAGTTGATTTCCAACATGAGGTTTTTTG,protein_coding,PRJNA175069,A/Netherlands/602/2009 (H1N1) vs. mock infection,Calu-3,A/Netherlands/602/2009 (H1N1),3,36,-0.544058270000003,-10.1421271775186,1.89413828790055,6.7132795578584e-05,0.000896592679411275,NA,NA,NA
51780,KDM3B,GGACTCCTCTTAATGTTTCCAAATGGGAAGGACAGTTGATTTCCAACATGAGGTTTTTTG,protein_coding,PRJNA175069,A/Netherlands/602/2009 (H1N1) vs. mock infection,Calu-3,A/Netherlands/602/2009 (H1N1),3,3,0.135871323333332,1.76231236270285,-4.47389455977614,0.127701170901097,0.915868896050199,NA,NA,NA
51780,KDM3B,GGACTCCTCTTAATGTTTCCAAATGGGAAGGACAGTTGATTTCCAACATGAGGTTTTTTG,protein_coding,PRJNA175069,A/Netherlands/602/2009 (H1N1) vs. mock infection,Calu-3,A/Netherlands/602/2009 (H1N1),3,48,-0.460301886666665,-4.96888883305266,-1.92603535747798,0.00226572800117123,0.0113268767934039,NA,NA,NA
51780,KDM3B,GGACTCCTCTTAATGTTTCCAAATGGGAAGGACAGTTGATTTCCAACATGAGGTTTTTTG,protein_coding,PRJNA175069,A/Netherlands/602/2009 (H1N1) vs. mock infection,Calu-3,A/Netherlands/602/2009 (H1N1),3,7,-0.0347285033333335,-0.367144736761085,-5.89429159874671,0.72576906969864,0.847451741992159,NA,NA,NA
51780,KDM3B,GGACTCCTCTTAATGTTTCCAAATGGGAAGGACAGTTGATTTCCAACATGAGGTTTTTTG,protein_coding,PRJNA215073,A/Anhui/01/2013 (H7N9) vs. mock infection,Calu-3,A/Anhui/01/2013 (H7N9),1,12,-0.6049490115,-7.49486417357827,1.89988207660009,5.12281857666554e-05,0.000607094048561044,NA,NA,NA
51780,KDM3B,GGACTCCTCTTAATGTTTCCAAATGGGAAGGACAGTTGATTTCCAACATGAGGTTTTTTG,protein_coding,PRJNA215073,A/Anhui/01/2013 (H7N9) vs. mock infection,Calu-3,A/Anhui/01/2013 (H7N9),1,24,-1.20563458075,-17.1304647894182,8.41384404107501,1.03990751034377e-07,1.17047367553138e-06,NA,NA,NA
51780,KDM3B,GGACTCCTCTTAATGTTTCCAAATGGGAAGGACAGTTGATTTCCAACATGAGGTTTTTTG,protein_coding,PRJNA215073,A/Anhui/01/2013 (H7N9) vs. mock infection,Calu-3,A/Anhui/01/2013 (H7N9),1,3,0.227565055000001,2.70057074787877,-4.02543894218526,0.0258454343806551,0.10924623392813,NA,NA,NA
51780,KDM3B,GGACTCCTCTTAATGTTTCCAAATGGGAAGGACAGTTGATTTCCAACATGAGGTTTTTTG,protein_coding,PRJNA215073,A/Anhui/01/2013 (H7N9) vs. mock infection,Calu-3,A/Anhui/01/2013 (H7N9),1,7,-0.0651831325000014,-0.891346887807069,-6.35174213870547,0.398506451512687,0.652414401810532,NA,NA,NA
51780,KDM3B,GGACTCCTCTTAATGTTTCCAAATGGGAAGGACAGTTGATTTCCAACATGAGGTTTTTTG,protein_coding,PRJNA215073,A/Netherland/219/2003 (H7N7) vs. mock infection,Calu-3,A/Netherland/219/2003 (H7N7),1,12,-0.432684759999997,-5.33951179781916,-0.612532236365049,0.000647919451491009,0.00518212080763718,NA,NA,NA
51780,KDM3B,GGACTCCTCTTAATGTTTCCAAATGGGAAGGACAGTTGATTTCCAACATGAGGTTTTTTG,protein_coding,PRJNA215073,A/Netherland/219/2003 (H7N7) vs. mock infection,Calu-3,A/Netherland/219/2003 (H7N7),1,24,-2.18237989075,-26.8776881595102,11.282352855977,7.62509869537339e-09,5.25064554718611e-07,NA,NA,NA
51780,KDM3B,GGACTCCTCTTAATGTTTCCAAATGGGAAGGACAGTTGATTTCCAACATGAGGTTTTTTG,protein_coding,PRJNA215073,A/Netherland/219/2003 (H7N7) vs. mock infection,Calu-3,A/Netherland/219/2003 (H7N7),1,3,0.1985021,3.201112,-3.475734,0.01222104,0.04532478,NA,NA,NA
51780,KDM3B,GGACTCCTCTTAATGTTTCCAAATGGGAAGGACAGTTGATTTCCAACATGAGGTTTTTTG,protein_coding,PRJNA215073,A/Netherland/219/2003 (H7N7) vs. mock infection,Calu-3,A/Netherland/219/2003 (H7N7),1,7,-0.130391889999999,-1.81156055814737,-5.2699543486915,0.106810904755662,0.315260117452735,NA,NA,NA
51780,KDM3B,GGACTCCTCTTAATGTTTCCAAATGGGAAGGACAGTTGATTTCCAACATGAGGTTTTTTG,protein_coding,PRJNA215073,A/Vietnam/1203/2004 (H5N1) vs. mock infection,Calu-3,A/Vietnam/1203/2004 (H5N1),1,12,-0.298241914999998,-3.57670924378623,-3.06295069512038,0.00681269335007584,0.0455891782563048,NA,NA,NA
51780,KDM3B,GGACTCCTCTTAATGTTTCCAAATGGGAAGGACAGTTGATTTCCAACATGAGGTTTTTTG,protein_coding,PRJNA215073,A/Vietnam/1203/2004 (H5N1) vs. mock infection,Calu-3,A/Vietnam/1203/2004 (H5N1),1,24,-3.05267037525,-17.1858653221944,8.03758869444044,1.68284364720099e-07,2.02693308010756e-06,NA,NA,NA
51780,KDM3B,GGACTCCTCTTAATGTTTCCAAATGGGAAGGACAGTTGATTTCCAACATGAGGTTTTTTG,protein_coding,PRJNA215073,A/Vietnam/1203/2004 (H5N1) vs. mock infection,Calu-3,A/Vietnam/1203/2004 (H5N1),1,3,0.0686995433333344,0.941903827353838,-6.67747706716589,0.37744755308296,0.563915819911414,NA,NA,NA
51780,KDM3B,GGACTCCTCTTAATGTTTCCAAATGGGAAGGACAGTTGATTTCCAACATGAGGTTTTTTG,protein_coding,PRJNA215073,A/Vietnam/1203/2004 (H5N1) vs. mock infection,Calu-3,A/Vietnam/1203/2004 (H5N1),1,7,-0.0520495399999987,-0.604872170127301,-5.3607722215115,0.561214829008535,0.857341730570123,NA,NA,NA
51780,KDM3B,GGACTCCTCTTAATGTTTCCAAATGGGAAGGACAGTTGATTTCCAACATGAGGTTTTTTG,protein_coding,PRJNA215073,A/Panama/2007/1999 (H3N2) vs. mock infection,Calu-3,A/Panama/2007/1999 (H3N2),1,12,-0.639319558,-7.36578220035582,1.24140690568164,7.13365220038046e-05,0.000514144506110346,NA,NA,NA
51780,KDM3B,GGACTCCTCTTAATGTTTCCAAATGGGAAGGACAGTTGATTTCCAACATGAGGTTTTTTG,protein_coding,PRJNA215073,A/Panama/2007/1999 (H3N2) vs. mock infection,Calu-3,A/Panama/2007/1999 (H3N2),1,24,-0.8685452825,-10.7662801750184,4.40145692969265,4.7248832775582e-06,4.82050761406418e-05,NA,NA,NA
51780,KDM3B,GGACTCCTCTTAATGTTTCCAAATGGGAAGGACAGTTGATTTCCAACATGAGGTTTTTTG,protein_coding,PRJNA215073,A/Panama/2007/1999 (H3N2) vs. mock infection,Calu-3,A/Panama/2007/1999 (H3N2),1,3,0.166741623333337,1.89584481126971,-5.33491373392572,0.0988450851382593,0.236040649171407,NA,NA,NA
51780,KDM3B,GGACTCCTCTTAATGTTTCCAAATGGGAAGGACAGTTGATTTCCAACATGAGGTTTTTTG,protein_coding,PRJNA215073,A/Panama/2007/1999 (H3N2) vs. mock infection,Calu-3,A/Panama/2007/1999 (H3N2),1,7,-0.140466332500001,-1.50955921489327,-5.73387128341407,0.168486307681179,0.359815517646844,NA,NA,NA
51780,KDM3B,NA,protein_coding,PRJNA349748,A/California/04/09 (H1N1) vs. mock infection,human tracheobronchial epithelial cells (HTBE),A/California/04/09 (H1N1),5,12,-0.018605331,NA,NA,0.898894847,0.954263059,NA,NA,NA
51780,KDM3B,NA,protein_coding,PRJNA349748,A/California/04/09 (H1N1) vs. mock infection,human tracheobronchial epithelial cells (HTBE),A/California/04/09 (H1N1),5,18,-0.09577828,NA,NA,0.51340782,0.633245328,NA,NA,NA
51780,KDM3B,NA,protein_coding,PRJNA349748,A/California/04/09 (H1N1) vs. mock infection,human tracheobronchial epithelial cells (HTBE),A/California/04/09 (H1N1),5,24,0.120020744,NA,NA,0.413542747,0.613005081,NA,NA,NA
51780,KDM3B,NA,protein_coding,PRJNA349748,A/California/04/09 (H1N1) vs. mock infection,human tracheobronchial epithelial cells (HTBE),A/California/04/09 (H1N1),5,3,-0.111510428,NA,NA,0.453235362,0.696709117,NA,NA,NA
51780,KDM3B,NA,protein_coding,PRJNA349748,A/California/04/09 (H1N1) vs. mock infection,human tracheobronchial epithelial cells (HTBE),A/California/04/09 (H1N1),5,6,-0.009652138,NA,NA,0.947933832,1,NA,NA,NA
51780,KDM3B,NA,protein_coding,PRJNA349748,A/Wyoming/03/03 (H3N2) vs. mock infection,human tracheobronchial epithelial cells (HTBE),A/Wyoming/03/03 (H3N2),5,12,-0.372684522,NA,NA,0.004019043,0.016648629,NA,NA,NA
51780,KDM3B,NA,protein_coding,PRJNA349748,A/Wyoming/03/03 (H3N2) vs. mock infection,human tracheobronchial epithelial cells (HTBE),A/Wyoming/03/03 (H3N2),5,18,-0.297599662,NA,NA,0.020530934,0.05339495,NA,NA,NA
51780,KDM3B,NA,protein_coding,PRJNA349748,A/Wyoming/03/03 (H3N2) vs. mock infection,human tracheobronchial epithelial cells (HTBE),A/Wyoming/03/03 (H3N2),5,3,0.125110445,NA,NA,0.322018652,0.945088427,NA,NA,NA
51780,KDM3B,NA,protein_coding,PRJNA349748,A/Wyoming/03/03 (H3N2) vs. mock infection,human tracheobronchial epithelial cells (HTBE),A/Wyoming/03/03 (H3N2),5,6,-0.134934888,NA,NA,0.286177249,0.690949931,NA,NA,NA
51780,KDM3B,NA,protein_coding,PRJNA349748,A/Vietnam/1203/04 (H5N1) HALo vs. mock infection,human tracheobronchial epithelial cells (HTBE),A/Vietnam/1203/04 (H5N1) HALo,5,12,0.26938716,NA,NA,0.024275121,0.038763425,NA,NA,NA
51780,KDM3B,NA,protein_coding,PRJNA349748,A/Vietnam/1203/04 (H5N1) HALo vs. mock infection,human tracheobronchial epithelial cells (HTBE),A/Vietnam/1203/04 (H5N1) HALo,5,18,1.152721279,NA,NA,2.89e-22,2.75e-21,NA,NA,NA
51780,KDM3B,NA,protein_coding,PRJNA349748,A/Vietnam/1203/04 (H5N1) HALo vs. mock infection,human tracheobronchial epithelial cells (HTBE),A/Vietnam/1203/04 (H5N1) HALo,5,3,0.075464036,NA,NA,0.517674848,1,NA,NA,NA
51780,KDM3B,NA,protein_coding,PRJNA349748,A/Vietnam/1203/04 (H5N1) HALo vs. mock infection,human tracheobronchial epithelial cells (HTBE),A/Vietnam/1203/04 (H5N1) HALo,5,6,-0.866122955,NA,NA,6.74e-12,1.06e-10,NA,NA,NA
51780,KDM3B,NA,protein_coding,PRJNA382632,A/California/04/09 (H1N1) vs. mock infection,human monocyte-derived macrophages (MDM),A/California/04/09 (H1N1),2,12,-0.412216376,NA,NA,6.29e-05,0.00023168,NA,NA,NA
51780,KDM3B,NA,protein_coding,PRJNA382632,A/California/04/09 (H1N1) vs. mock infection,human monocyte-derived macrophages (MDM),A/California/04/09 (H1N1),2,18,-0.186638262,NA,NA,0.071543046,0.125110902,NA,NA,NA
51780,KDM3B,NA,protein_coding,PRJNA382632,A/California/04/09 (H1N1) vs. mock infection,human monocyte-derived macrophages (MDM),A/California/04/09 (H1N1),2,3,0.033196197,NA,NA,0.745108956,1,NA,NA,NA
51780,KDM3B,NA,protein_coding,PRJNA382632,A/California/04/09 (H1N1) vs. mock infection,human monocyte-derived macrophages (MDM),A/California/04/09 (H1N1),2,6,-0.577097907,NA,NA,6.83e-08,7.23e-07,NA,NA,NA
51780,KDM3B,NA,protein_coding,PRJNA382632,A/Wyoming/03/03 (H3N2) vs. mock infection,human monocyte-derived macrophages (MDM),A/Wyoming/03/03 (H3N2),2,12,-1.085098404,NA,NA,1.07e-10,6.26e-10,NA,NA,NA
51780,KDM3B,NA,protein_coding,PRJNA382632,A/Wyoming/03/03 (H3N2) vs. mock infection,human monocyte-derived macrophages (MDM),A/Wyoming/03/03 (H3N2),2,18,-0.798949789,NA,NA,1.25e-09,5.1e-09,NA,NA,NA
51780,KDM3B,NA,protein_coding,PRJNA382632,A/Wyoming/03/03 (H3N2) vs. mock infection,human monocyte-derived macrophages (MDM),A/Wyoming/03/03 (H3N2),2,3,-0.121380076,NA,NA,0.337981851,0.823067651,NA,NA,NA
51780,KDM3B,NA,protein_coding,PRJNA382632,A/Wyoming/03/03 (H3N2) vs. mock infection,human monocyte-derived macrophages (MDM),A/Wyoming/03/03 (H3N2),2,6,-2.04370456,NA,NA,1.63e-38,5e-37,NA,NA,NA
51780,KDM3B,NA,protein_coding,PRJNA382632,A/Vietnam/1203/04 (H5N1) HALo vs. mock infection,human monocyte-derived macrophages (MDM),A/Vietnam/1203/04 (H5N1) HALo,2,12,-0.261541936,NA,NA,0.120435946,0.17130468,NA,NA,NA
51780,KDM3B,NA,protein_coding,PRJNA382632,A/Vietnam/1203/04 (H5N1) HALo vs. mock infection,human monocyte-derived macrophages (MDM),A/Vietnam/1203/04 (H5N1) HALo,2,18,0.191454949,NA,NA,0.253946297,0.319726693,NA,NA,NA
51780,KDM3B,NA,protein_coding,PRJNA382632,A/Vietnam/1203/04 (H5N1) HALo vs. mock infection,human monocyte-derived macrophages (MDM),A/Vietnam/1203/04 (H5N1) HALo,2,3,-0.135431064,NA,NA,0.416818221,1,NA,NA,NA
51780,KDM3B,NA,protein_coding,PRJNA382632,A/Vietnam/1203/04 (H5N1) HALo vs. mock infection,human monocyte-derived macrophages (MDM),A/Vietnam/1203/04 (H5N1) HALo,2,6,-1.385884526,NA,NA,3.07e-16,6.18e-15,NA,NA,NA
51780,KDM3B,NA,protein_coding,PRJNA557257,A/Panama/2007/1999 (H3N2) vs. mock infection,lung explants,A/Panama/2007/1999 (H3N2),1E5 PFU/mL,24,0.0346889071097342,NA,NA,0.596578440331682,0.99776532938064,2781.71545375754,0.0655339502956763,0.529327271638969
51780,KDM3B,NA,protein_coding,PRJNA559077,A/swine/Zhejiang/04 (H3N2) vs. mock infection,A549,A/swine/Zhejiang/04 (H3N2),10,24,-1.06076205195886,NA,NA,1.90179158587448e-15,1.1953440705353e-14,4462.06209714699,0.133469696806836,-7.94758718523238
51780,KDM3B,NA,protein_coding,PRJNA559077,A/Hangzhou/1/2013 (H7N9) vs. mock infection,A549,A/Hangzhou/1/2013 (H7N9),10,24,-0.501825853501837,NA,NA,0.000144778403774976,0.000733592444922906,4462.06209714699,0.132064333321804,-3.79985906019779
51780,KDM3B,NA,protein_coding,PRJNA667475,A/WSN/1933 (H1N1) vs. mock infection,A549,A/WSN/1933 (H1N1),0.02,24,0.103747539001901,NA,NA,0.071129477372209,0.235307026549142,2797.0383459102,0.0574890101791582,1.80464994402553
51780,KDM3B,NA,protein_coding,PRJNA795161,A/Oklahoma/447/2008 (H1N1) vs. mock infection,human bronchial epithelial cells (HBEC),A/Oklahoma/447/2008 (H1N1),N.A.,48,-0.556795948062139,NA,NA,0.0034850056358785,0.0212801770515592,2609.98530355912,0.190594406045974,-2.92136563508496
