entrezID,gene_symbol,probe_seq,biotype,bioproject,res_design,host_type,virus_strain,M.O.I,H.P.I,log2FoldChange,t,B,pvalue,padj,baseMean,lfcSE,stat
54206,ERRFI1,TCAGTATTTCCTGGGGATTGTTTGCTTTTTAAGTAAAACACTTCTGACCCATAGCTCAGT,protein_coding,PRJNA139513,A/Vietnam/1203/2004(H5N1) vs. mock infection,Calu-3,A/Vietnam/1203/2004(H5N1),1,0,-0.0527511833333367,-0.734785024960486,-5.30287058798784,0.490995897776136,0.855661664309093,NA,NA,NA
54206,ERRFI1,GCATTCTGCCCATTATTGAAAATGGGAAGAAGGTTAGTTCAACACATTATTACCTACTAC,protein_coding,PRJNA139513,A/Vietnam/1203/2004(H5N1) vs. mock infection,Calu-3,A/Vietnam/1203/2004(H5N1),1,0,0.000535286999998164,0.0045774940748504,-5.55972250277897,0.996500509583491,0.999213927129448,NA,NA,NA
54206,ERRFI1,TCAGTATTTCCTGGGGATTGTTTGCTTTTTAAGTAAAACACTTCTGACCCATAGCTCAGT,protein_coding,PRJNA139513,A/Vietnam/1203/2004(H5N1) vs. mock infection,Calu-3,A/Vietnam/1203/2004(H5N1),1,12,-0.540156960000003,-4.82780497372559,-2.08113260302159,0.00297146775806316,0.00989547768874537,NA,NA,NA
54206,ERRFI1,GCATTCTGCCCATTATTGAAAATGGGAAGAAGGTTAGTTCAACACATTATTACCTACTAC,protein_coding,PRJNA139513,A/Vietnam/1203/2004(H5N1) vs. mock infection,Calu-3,A/Vietnam/1203/2004(H5N1),1,12,0.168017284333335,0.637275834992106,-7.35597289354281,0.547630842874885,0.633764423497583,NA,NA,NA
54206,ERRFI1,TCAGTATTTCCTGGGGATTGTTTGCTTTTTAAGTAAAACACTTCTGACCCATAGCTCAGT,protein_coding,PRJNA139513,A/Vietnam/1203/2004(H5N1) vs. mock infection,Calu-3,A/Vietnam/1203/2004(H5N1),1,18,-0.477270813333334,-2.51792277189394,-4.70681334353774,0.0444852689755673,0.0931908038907916,NA,NA,NA
54206,ERRFI1,GCATTCTGCCCATTATTGAAAATGGGAAGAAGGTTAGTTCAACACATTATTACCTACTAC,protein_coding,PRJNA139513,A/Vietnam/1203/2004(H5N1) vs. mock infection,Calu-3,A/Vietnam/1203/2004(H5N1),1,18,-0.333493086666666,-1.46847336390596,-6.15215530289163,0.191202077698495,0.295868299866348,NA,NA,NA
54206,ERRFI1,TCAGTATTTCCTGGGGATTGTTTGCTTTTTAAGTAAAACACTTCTGACCCATAGCTCAGT,protein_coding,PRJNA139513,A/Vietnam/1203/2004(H5N1) vs. mock infection,Calu-3,A/Vietnam/1203/2004(H5N1),1,24,-0.604955616666667,-4.16821602073881,-2.63499005126523,0.00560659280013982,0.0129468675269298,NA,NA,NA
54206,ERRFI1,GCATTCTGCCCATTATTGAAAATGGGAAGAAGGTTAGTTCAACACATTATTACCTACTAC,protein_coding,PRJNA139513,A/Vietnam/1203/2004(H5N1) vs. mock infection,Calu-3,A/Vietnam/1203/2004(H5N1),1,24,-0.411915281000001,-2.04179443419596,-5.54957217423743,0.0861776992602854,0.128487617589145,NA,NA,NA
54206,ERRFI1,GCATTCTGCCCATTATTGAAAATGGGAAGAAGGTTAGTTCAACACATTATTACCTACTAC,protein_coding,PRJNA139513,A/Vietnam/1203/2004(H5N1) vs. mock infection,Calu-3,A/Vietnam/1203/2004(H5N1),1,3,0.294227876666667,2.1387023757722,-3.92919004795858,0.079562631363707,0.580311712140518,NA,NA,NA
54206,ERRFI1,TCAGTATTTCCTGGGGATTGTTTGCTTTTTAAGTAAAACACTTCTGACCCATAGCTCAGT,protein_coding,PRJNA139513,A/Vietnam/1203/2004(H5N1) vs. mock infection,Calu-3,A/Vietnam/1203/2004(H5N1),1,3,0.103492790000001,0.886884160546684,-4.98336172890614,0.411609719056694,0.80272469257656,NA,NA,NA
54206,ERRFI1,TCAGTATTTCCTGGGGATTGTTTGCTTTTTAAGTAAAACACTTCTGACCCATAGCTCAGT,protein_coding,PRJNA139513,A/Vietnam/1203/2004(H5N1) vs. mock infection,Calu-3,A/Vietnam/1203/2004(H5N1),1,7,-0.874332503333333,-6.30974864858167,-0.348619582422383,0.000840302670112894,0.0104251957477596,NA,NA,NA
54206,ERRFI1,GCATTCTGCCCATTATTGAAAATGGGAAGAAGGTTAGTTCAACACATTATTACCTACTAC,protein_coding,PRJNA139513,A/Vietnam/1203/2004(H5N1) vs. mock infection,Calu-3,A/Vietnam/1203/2004(H5N1),1,7,-0.450909909333333,-1.65240102322237,-5.94584568093374,0.151200757845968,0.30000220346902,NA,NA,NA
54206,ERRFI1,GCATTCTGCCCATTATTGAAAATGGGAAGAAGGTTAGTTCAACACATTATTACCTACTAC,protein_coding,PRJNA163315,A/California/04/09 (H1N1) vs. mock infection,Calu-3,A/California/04/09 (H1N1),3,0,-0.175045571666665,-2.04660963670777,-4.31332769318602,0.085736458903714,0.50679144770566,NA,NA,NA
54206,ERRFI1,TCAGTATTTCCTGGGGATTGTTTGCTTTTTAAGTAAAACACTTCTGACCCATAGCTCAGT,protein_coding,PRJNA163315,A/California/04/09 (H1N1) vs. mock infection,Calu-3,A/California/04/09 (H1N1),3,0,-0.0419066733333366,-0.672633100038421,-5.79621595272505,0.525755177204581,0.800750317158699,NA,NA,NA
54206,ERRFI1,TCAGTATTTCCTGGGGATTGTTTGCTTTTTAAGTAAAACACTTCTGACCCATAGCTCAGT,protein_coding,PRJNA163315,A/California/04/09 (H1N1) vs. mock infection,Calu-3,A/California/04/09 (H1N1),3,12,-0.362782823333337,-3.40068907001604,-4.13292224222732,0.0144935468810589,0.036057743937948,NA,NA,NA
54206,ERRFI1,GCATTCTGCCCATTATTGAAAATGGGAAGAAGGTTAGTTCAACACATTATTACCTACTAC,protein_coding,PRJNA163315,A/California/04/09 (H1N1) vs. mock infection,Calu-3,A/California/04/09 (H1N1),3,12,-0.0937289153333349,-0.603363115577192,-7.67669469656885,0.568368623859394,0.652324124447274,NA,NA,NA
54206,ERRFI1,GCATTCTGCCCATTATTGAAAATGGGAAGAAGGTTAGTTCAACACATTATTACCTACTAC,protein_coding,PRJNA163315,A/California/04/09 (H1N1) vs. mock infection,Calu-3,A/California/04/09 (H1N1),3,18,0.399673939,3.50433488298817,-3.8372024864196,0.0111292054809069,0.0270125126632926,NA,NA,NA
54206,ERRFI1,TCAGTATTTCCTGGGGATTGTTTGCTTTTTAAGTAAAACACTTCTGACCCATAGCTCAGT,protein_coding,PRJNA163315,A/California/04/09 (H1N1) vs. mock infection,Calu-3,A/California/04/09 (H1N1),3,18,-0.123411946666664,-0.943525717458659,-7.32804552891427,0.379022762531724,0.463659052992733,NA,NA,NA
54206,ERRFI1,GCATTCTGCCCATTATTGAAAATGGGAAGAAGGTTAGTTCAACACATTATTACCTACTAC,protein_coding,PRJNA163315,A/California/04/09 (H1N1) vs. mock infection,Calu-3,A/California/04/09 (H1N1),3,24,0.494358248999999,5.25904593994256,-2.07246263016545,0.00213267158376505,0.00812380333355038,NA,NA,NA
54206,ERRFI1,TCAGTATTTCCTGGGGATTGTTTGCTTTTTAAGTAAAACACTTCTGACCCATAGCTCAGT,protein_coding,PRJNA163315,A/California/04/09 (H1N1) vs. mock infection,Calu-3,A/California/04/09 (H1N1),3,24,0.148151756666664,2.24918567453898,-5.87763067008168,0.0671760246725586,0.116619517366569,NA,NA,NA
54206,ERRFI1,TCAGTATTTCCTGGGGATTGTTTGCTTTTTAAGTAAAACACTTCTGACCCATAGCTCAGT,protein_coding,PRJNA163315,A/California/04/09 (H1N1) vs. mock infection,Calu-3,A/California/04/09 (H1N1),3,30,0.406044106666664,5.81017811904215,-1.64581241720498,0.00125963118485047,0.00402505277529515,NA,NA,NA
54206,ERRFI1,GCATTCTGCCCATTATTGAAAATGGGAAGAAGGTTAGTTCAACACATTATTACCTACTAC,protein_coding,PRJNA163315,A/California/04/09 (H1N1) vs. mock infection,Calu-3,A/California/04/09 (H1N1),3,30,0.501202984666666,4.93877141234463,-2.56383119370176,0.00282333632015123,0.00756007969135329,NA,NA,NA
54206,ERRFI1,TCAGTATTTCCTGGGGATTGTTTGCTTTTTAAGTAAAACACTTCTGACCCATAGCTCAGT,protein_coding,PRJNA163315,A/California/04/09 (H1N1) vs. mock infection,Calu-3,A/California/04/09 (H1N1),3,36,0.26390125,3.65641967619707,-3.62856731467047,0.011169635063199,0.0340581449279294,NA,NA,NA
54206,ERRFI1,GCATTCTGCCCATTATTGAAAATGGGAAGAAGGTTAGTTCAACACATTATTACCTACTAC,protein_coding,PRJNA163315,A/California/04/09 (H1N1) vs. mock infection,Calu-3,A/California/04/09 (H1N1),3,36,0.349230607666669,3.40433179013669,-3.95871500578908,0.0150688761184281,0.0423808033527007,NA,NA,NA
54206,ERRFI1,TCAGTATTTCCTGGGGATTGTTTGCTTTTTAAGTAAAACACTTCTGACCCATAGCTCAGT,protein_coding,PRJNA163315,A/California/04/09 (H1N1) vs. mock infection,Calu-3,A/California/04/09 (H1N1),3,3,0.242684003333331,2.05135692975747,-3.98973788770997,0.0839801850106129,0.999999999999963,NA,NA,NA
54206,ERRFI1,GCATTCTGCCCATTATTGAAAATGGGAAGAAGGTTAGTTCAACACATTATTACCTACTAC,protein_coding,PRJNA163315,A/California/04/09 (H1N1) vs. mock infection,Calu-3,A/California/04/09 (H1N1),3,3,0.133188635666668,1.68804077522714,-4.30623828010779,0.140153051669595,0.999999999999963,NA,NA,NA
54206,ERRFI1,GCATTCTGCCCATTATTGAAAATGGGAAGAAGGTTAGTTCAACACATTATTACCTACTAC,protein_coding,PRJNA163315,A/California/04/09 (H1N1) vs. mock infection,Calu-3,A/California/04/09 (H1N1),3,48,0.51131518,6.74428648294468,-0.180563763686235,0.000556048121533424,0.00455772488627066,NA,NA,NA
54206,ERRFI1,TCAGTATTTCCTGGGGATTGTTTGCTTTTTAAGTAAAACACTTCTGACCCATAGCTCAGT,protein_coding,PRJNA163315,A/California/04/09 (H1N1) vs. mock infection,Calu-3,A/California/04/09 (H1N1),3,48,0.360135019999998,3.8093305904158,-3.31981695547006,0.009159509920239,0.028881280328097,NA,NA,NA
54206,ERRFI1,TCAGTATTTCCTGGGGATTGTTTGCTTTTTAAGTAAAACACTTCTGACCCATAGCTCAGT,protein_coding,PRJNA163315,A/California/04/09 (H1N1) vs. mock infection,Calu-3,A/California/04/09 (H1N1),3,7,-0.180107043333331,-2.22527854301467,-5.55936895896379,0.0668790101295268,0.171371112066717,NA,NA,NA
54206,ERRFI1,GCATTCTGCCCATTATTGAAAATGGGAAGAAGGTTAGTTCAACACATTATTACCTACTAC,protein_coding,PRJNA163315,A/California/04/09 (H1N1) vs. mock infection,Calu-3,A/California/04/09 (H1N1),3,7,-0.0746912399999999,-0.857669533443445,-7.26026809324679,0.42341638444285,0.574430381873094,NA,NA,NA
54206,ERRFI1,TCAGTATTTCCTGGGGATTGTTTGCTTTTTAAGTAAAACACTTCTGACCCATAGCTCAGT,protein_coding,PRJNA175069,A/California/04/09 (H1N1) vs. mock infection,Calu-3,A/California/04/09 (H1N1),3,0,-0.189411859999998,-2.71864712445178,-3.41232282878287,0.0362111788949369,0.832971626085742,NA,NA,NA
54206,ERRFI1,GCATTCTGCCCATTATTGAAAATGGGAAGAAGGTTAGTTCAACACATTATTACCTACTAC,protein_coding,PRJNA175069,A/California/04/09 (H1N1) vs. mock infection,Calu-3,A/California/04/09 (H1N1),3,0,-0.0722313116666662,-0.777825061929207,-5.58208129706855,0.467444261089218,0.924158963029355,NA,NA,NA
54206,ERRFI1,GCATTCTGCCCATTATTGAAAATGGGAAGAAGGTTAGTTCAACACATTATTACCTACTAC,protein_coding,PRJNA175069,A/California/04/09 (H1N1) vs. mock infection,Calu-3,A/California/04/09 (H1N1),3,12,-0.272074432666667,-3.56197236895115,-3.46420986630339,0.0118297554282703,0.0308869894615544,NA,NA,NA
54206,ERRFI1,TCAGTATTTCCTGGGGATTGTTTGCTTTTTAAGTAAAACACTTCTGACCCATAGCTCAGT,protein_coding,PRJNA175069,A/California/04/09 (H1N1) vs. mock infection,Calu-3,A/California/04/09 (H1N1),3,12,-0.0936772299999955,-1.65484608743772,-6.10771026081235,0.148866511780712,0.225037290963689,NA,NA,NA
54206,ERRFI1,TCAGTATTTCCTGGGGATTGTTTGCTTTTTAAGTAAAACACTTCTGACCCATAGCTCAGT,protein_coding,PRJNA175069,A/California/04/09 (H1N1) vs. mock infection,Calu-3,A/California/04/09 (H1N1),3,24,-0.305667390000002,-4.40170971444316,-2.89686585017693,0.00451043635341029,0.0179968274116593,NA,NA,NA
54206,ERRFI1,GCATTCTGCCCATTATTGAAAATGGGAAGAAGGTTAGTTCAACACATTATTACCTACTAC,protein_coding,PRJNA175069,A/California/04/09 (H1N1) vs. mock infection,Calu-3,A/California/04/09 (H1N1),3,24,-0.199720776000001,-2.13195791862659,-5.96614150606775,0.0767913905856299,0.1424345709771,NA,NA,NA
54206,ERRFI1,GCATTCTGCCCATTATTGAAAATGGGAAGAAGGTTAGTTCAACACATTATTACCTACTAC,protein_coding,PRJNA175069,A/California/04/09 (H1N1) vs. mock infection,Calu-3,A/California/04/09 (H1N1),3,48,0.497191015666665,2.98786769970336,-4.48792762846608,0.0236054227521137,0.0639782447724153,NA,NA,NA
54206,ERRFI1,TCAGTATTTCCTGGGGATTGTTTGCTTTTTAAGTAAAACACTTCTGACCCATAGCTCAGT,protein_coding,PRJNA175069,A/California/04/09 (H1N1) vs. mock infection,Calu-3,A/California/04/09 (H1N1),3,48,0.016893433333335,0.170091582155776,-7.66774120158495,0.870384112482453,0.913827924457764,NA,NA,NA
54206,ERRFI1,TCAGTATTTCCTGGGGATTGTTTGCTTTTTAAGTAAAACACTTCTGACCCATAGCTCAGT,protein_coding,PRJNA175069,A/Netherlands/602/2009 (H1N1) vs. mock infection,Calu-3,A/Netherlands/602/2009 (H1N1),3,0,-0.176528876666666,-3.32036116731627,-2.75968847256232,0.0165390644722649,0.433661021101345,NA,NA,NA
54206,ERRFI1,GCATTCTGCCCATTATTGAAAATGGGAAGAAGGTTAGTTCAACACATTATTACCTACTAC,protein_coding,PRJNA175069,A/Netherlands/602/2009 (H1N1) vs. mock infection,Calu-3,A/Netherlands/602/2009 (H1N1),3,0,-0.159254271666667,-1.90811625080567,-4.51876580388455,0.106084897279504,0.62464654456786,NA,NA,NA
54206,ERRFI1,GCATTCTGCCCATTATTGAAAATGGGAAGAAGGTTAGTTCAACACATTATTACCTACTAC,protein_coding,PRJNA175069,A/Netherlands/602/2009 (H1N1) vs. mock infection,Calu-3,A/Netherlands/602/2009 (H1N1),3,12,-0.175391704333333,-1.38609260839403,-6.16804476597349,0.215043755098326,0.381213390019219,NA,NA,NA
54206,ERRFI1,TCAGTATTTCCTGGGGATTGTTTGCTTTTTAAGTAAAACACTTCTGACCCATAGCTCAGT,protein_coding,PRJNA175069,A/Netherlands/602/2009 (H1N1) vs. mock infection,Calu-3,A/Netherlands/602/2009 (H1N1),3,12,0.00278785666666792,0.0452592924988961,-7.13213628546275,0.965369668380398,0.979736287035242,NA,NA,NA
54206,ERRFI1,TCAGTATTTCCTGGGGATTGTTTGCTTTTTAAGTAAAACACTTCTGACCCATAGCTCAGT,protein_coding,PRJNA175069,A/Netherlands/602/2009 (H1N1) vs. mock infection,Calu-3,A/Netherlands/602/2009 (H1N1),3,18,-0.224772540000002,-2.37888095239179,-5.09591638978663,0.053257584800498,0.208319660391069,NA,NA,NA
54206,ERRFI1,GCATTCTGCCCATTATTGAAAATGGGAAGAAGGTTAGTTCAACACATTATTACCTACTAC,protein_coding,PRJNA175069,A/Netherlands/602/2009 (H1N1) vs. mock infection,Calu-3,A/Netherlands/602/2009 (H1N1),3,18,-0.0852050756666687,-0.8965860910423,-6.98400877597445,0.403203309008938,0.628501245192196,NA,NA,NA
54206,ERRFI1,TCAGTATTTCCTGGGGATTGTTTGCTTTTTAAGTAAAACACTTCTGACCCATAGCTCAGT,protein_coding,PRJNA175069,A/Netherlands/602/2009 (H1N1) vs. mock infection,Calu-3,A/Netherlands/602/2009 (H1N1),3,24,-0.246948826666669,-2.98423523442073,-4.49535290117614,0.0245355759112368,0.0820833973824525,NA,NA,NA
54206,ERRFI1,GCATTCTGCCCATTATTGAAAATGGGAAGAAGGTTAGTTCAACACATTATTACCTACTAC,protein_coding,PRJNA175069,A/Netherlands/602/2009 (H1N1) vs. mock infection,Calu-3,A/Netherlands/602/2009 (H1N1),3,24,0.0176939730000001,0.184611767568061,-7.648677551579,0.859622073777193,0.914885698209203,NA,NA,NA
54206,ERRFI1,GCATTCTGCCCATTATTGAAAATGGGAAGAAGGTTAGTTCAACACATTATTACCTACTAC,protein_coding,PRJNA175069,A/Netherlands/602/2009 (H1N1) vs. mock infection,Calu-3,A/Netherlands/602/2009 (H1N1),3,30,0.0713647156666655,0.818387792079396,-7.54583300810671,0.444856866821403,0.510423753743783,NA,NA,NA
54206,ERRFI1,TCAGTATTTCCTGGGGATTGTTTGCTTTTTAAGTAAAACACTTCTGACCCATAGCTCAGT,protein_coding,PRJNA175069,A/Netherlands/602/2009 (H1N1) vs. mock infection,Calu-3,A/Netherlands/602/2009 (H1N1),3,30,-0.0440967733333348,-0.743611286783756,-7.60762487945349,0.485598218812409,0.549727374202748,NA,NA,NA
54206,ERRFI1,GCATTCTGCCCATTATTGAAAATGGGAAGAAGGTTAGTTCAACACATTATTACCTACTAC,protein_coding,PRJNA175069,A/Netherlands/602/2009 (H1N1) vs. mock infection,Calu-3,A/Netherlands/602/2009 (H1N1),3,36,0.411657660999999,5.13650995234046,-2.18452920325528,0.00238981242522225,0.00866570050780523,NA,NA,NA
54206,ERRFI1,TCAGTATTTCCTGGGGATTGTTTGCTTTTTAAGTAAAACACTTCTGACCCATAGCTCAGT,protein_coding,PRJNA175069,A/Netherlands/602/2009 (H1N1) vs. mock infection,Calu-3,A/Netherlands/602/2009 (H1N1),3,36,0.0536301699999999,0.905476149966531,-7.53835503542566,0.401353396514955,0.489128513281998,NA,NA,NA
54206,ERRFI1,TCAGTATTTCCTGGGGATTGTTTGCTTTTTAAGTAAAACACTTCTGACCCATAGCTCAGT,protein_coding,PRJNA175069,A/Netherlands/602/2009 (H1N1) vs. mock infection,Calu-3,A/Netherlands/602/2009 (H1N1),3,3,0.0775253799999991,1.07858193488593,-5.20970801633491,0.32158895378074,0.915868896050199,NA,NA,NA
54206,ERRFI1,GCATTCTGCCCATTATTGAAAATGGGAAGAAGGTTAGTTCAACACATTATTACCTACTAC,protein_coding,PRJNA175069,A/Netherlands/602/2009 (H1N1) vs. mock infection,Calu-3,A/Netherlands/602/2009 (H1N1),3,3,-0.107656561333334,-1.02494515629601,-5.25906307215994,0.344326518633827,0.915868896050199,NA,NA,NA
54206,ERRFI1,GCATTCTGCCCATTATTGAAAATGGGAAGAAGGTTAGTTCAACACATTATTACCTACTAC,protein_coding,PRJNA175069,A/Netherlands/602/2009 (H1N1) vs. mock infection,Calu-3,A/Netherlands/602/2009 (H1N1),3,48,0.618375400666666,5.61540834347104,-1.21092175441556,0.00119521935515128,0.00740753756439592,NA,NA,NA
54206,ERRFI1,TCAGTATTTCCTGGGGATTGTTTGCTTTTTAAGTAAAACACTTCTGACCCATAGCTCAGT,protein_coding,PRJNA175069,A/Netherlands/602/2009 (H1N1) vs. mock infection,Calu-3,A/Netherlands/602/2009 (H1N1),3,48,0.201907443333333,1.96167426219885,-5.9556761235984,0.0956517916027049,0.174852629120647,NA,NA,NA
54206,ERRFI1,GCATTCTGCCCATTATTGAAAATGGGAAGAAGGTTAGTTCAACACATTATTACCTACTAC,protein_coding,PRJNA175069,A/Netherlands/602/2009 (H1N1) vs. mock infection,Calu-3,A/Netherlands/602/2009 (H1N1),3,7,0.191789800666667,1.09804781241754,-5.37165394811095,0.313154583680381,0.546313374774512,NA,NA,NA
54206,ERRFI1,TCAGTATTTCCTGGGGATTGTTTGCTTTTTAAGTAAAACACTTCTGACCCATAGCTCAGT,protein_coding,PRJNA175069,A/Netherlands/602/2009 (H1N1) vs. mock infection,Calu-3,A/Netherlands/602/2009 (H1N1),3,7,0.0638710499999977,0.531138770911961,-5.81699234865706,0.61388192095687,0.774103113520349,NA,NA,NA
54206,ERRFI1,TCAGTATTTCCTGGGGATTGTTTGCTTTTTAAGTAAAACACTTCTGACCCATAGCTCAGT,protein_coding,PRJNA215073,A/Anhui/01/2013 (H7N9) vs. mock infection,Calu-3,A/Anhui/01/2013 (H7N9),1,12,0.834779472500001,8.00387864991556,2.43603866955579,3.12425370171781e-05,0.000439354719939512,NA,NA,NA
54206,ERRFI1,TCAGTATTTCCTGGGGATTGTTTGCTTTTTAAGTAAAACACTTCTGACCCATAGCTCAGT,protein_coding,PRJNA215073,A/Anhui/01/2013 (H7N9) vs. mock infection,Calu-3,A/Anhui/01/2013 (H7N9),1,24,2.067430475,30.4192135425134,13.2411775162555,1.00478459575093e-09,9.43052941513585e-08,NA,NA,NA
54206,ERRFI1,TCAGTATTTCCTGGGGATTGTTTGCTTTTTAAGTAAAACACTTCTGACCCATAGCTCAGT,protein_coding,PRJNA215073,A/Anhui/01/2013 (H7N9) vs. mock infection,Calu-3,A/Anhui/01/2013 (H7N9),1,3,-0.434629997500002,-2.45277954695607,-4.41789753240728,0.0383416987348757,0.140176519381064,NA,NA,NA
54206,ERRFI1,TCAGTATTTCCTGGGGATTGTTTGCTTTTTAAGTAAAACACTTCTGACCCATAGCTCAGT,protein_coding,PRJNA215073,A/Anhui/01/2013 (H7N9) vs. mock infection,Calu-3,A/Anhui/01/2013 (H7N9),1,7,-0.0393048075000024,-0.530770325251019,-6.61825060545941,0.609851800840528,0.799781038098441,NA,NA,NA
54206,ERRFI1,TCAGTATTTCCTGGGGATTGTTTGCTTTTTAAGTAAAACACTTCTGACCCATAGCTCAGT,protein_coding,PRJNA215073,A/Netherland/219/2003 (H7N7) vs. mock infection,Calu-3,A/Netherland/219/2003 (H7N7),1,12,-0.341823832500005,-3.87070726691827,-2.69698611046474,0.00455042410055525,0.0200416531961601,NA,NA,NA
54206,ERRFI1,TCAGTATTTCCTGGGGATTGTTTGCTTTTTAAGTAAAACACTTCTGACCCATAGCTCAGT,protein_coding,PRJNA215073,A/Netherland/219/2003 (H7N7) vs. mock infection,Calu-3,A/Netherland/219/2003 (H7N7),1,24,-0.907844537499997,-8.72379190765662,2.41754313765314,3.08864880198248e-05,9.39482665726229e-05,NA,NA,NA
54206,ERRFI1,TCAGTATTTCCTGGGGATTGTTTGCTTTTTAAGTAAAACACTTCTGACCCATAGCTCAGT,protein_coding,PRJNA215073,A/Netherland/219/2003 (H7N7) vs. mock infection,Calu-3,A/Netherland/219/2003 (H7N7),1,3,-0.2520016,-2.590553,-4.442507,0.03149152,0.08615443,NA,NA,NA
54206,ERRFI1,TCAGTATTTCCTGGGGATTGTTTGCTTTTTAAGTAAAACACTTCTGACCCATAGCTCAGT,protein_coding,PRJNA215073,A/Netherland/219/2003 (H7N7) vs. mock infection,Calu-3,A/Netherland/219/2003 (H7N7),1,7,-0.2016096025,-2.32395088601993,-4.50580020662745,0.0479361211070863,0.200192844411126,NA,NA,NA
54206,ERRFI1,TCAGTATTTCCTGGGGATTGTTTGCTTTTTAAGTAAAACACTTCTGACCCATAGCTCAGT,protein_coding,PRJNA215073,A/Vietnam/1203/2004 (H5N1) vs. mock infection,Calu-3,A/Vietnam/1203/2004 (H5N1),1,12,-0.0228517524999994,-0.293768644828401,-7.32299573878817,0.776155627718715,0.868349602996904,NA,NA,NA
54206,ERRFI1,TCAGTATTTCCTGGGGATTGTTTGCTTTTTAAGTAAAACACTTCTGACCCATAGCTCAGT,protein_coding,PRJNA215073,A/Vietnam/1203/2004 (H5N1) vs. mock infection,Calu-3,A/Vietnam/1203/2004 (H5N1),1,24,0.666975957499998,8.80513505921864,2.60334734106404,2.47919180093895e-05,7.67048104646482e-05,NA,NA,NA
54206,ERRFI1,TCAGTATTTCCTGGGGATTGTTTGCTTTTTAAGTAAAACACTTCTGACCCATAGCTCAGT,protein_coding,PRJNA215073,A/Vietnam/1203/2004 (H5N1) vs. mock infection,Calu-3,A/Vietnam/1203/2004 (H5N1),1,3,-0.275376218333333,-3.28940373156086,-3.44655728760202,0.0132157385741452,0.0606244147552565,NA,NA,NA
54206,ERRFI1,TCAGTATTTCCTGGGGATTGTTTGCTTTTTAAGTAAAACACTTCTGACCCATAGCTCAGT,protein_coding,PRJNA215073,A/Vietnam/1203/2004 (H5N1) vs. mock infection,Calu-3,A/Vietnam/1203/2004 (H5N1),1,7,-0.0885482150000012,-1.0635706492235,-5.03254053767607,0.31708489243987,0.724701815959912,NA,NA,NA
54206,ERRFI1,TCAGTATTTCCTGGGGATTGTTTGCTTTTTAAGTAAAACACTTCTGACCCATAGCTCAGT,protein_coding,PRJNA215073,A/Panama/2007/1999 (H3N2) vs. mock infection,Calu-3,A/Panama/2007/1999 (H3N2),1,12,-0.229971035000002,-2.2674043094609,-5.80875131378591,0.0524984650599155,0.0840049789239685,NA,NA,NA
54206,ERRFI1,TCAGTATTTCCTGGGGATTGTTTGCTTTTTAAGTAAAACACTTCTGACCCATAGCTCAGT,protein_coding,PRJNA215073,A/Panama/2007/1999 (H3N2) vs. mock infection,Calu-3,A/Panama/2007/1999 (H3N2),1,24,0.935634382499998,11.2522602009923,4.7669514572019,3.38059146882925e-06,3.7948657080549e-05,NA,NA,NA
54206,ERRFI1,TCAGTATTTCCTGGGGATTGTTTGCTTTTTAAGTAAAACACTTCTGACCCATAGCTCAGT,protein_coding,PRJNA215073,A/Panama/2007/1999 (H3N2) vs. mock infection,Calu-3,A/Panama/2007/1999 (H3N2),1,3,-1.19049099166666,-14.3327666032663,5.97079859978492,1.54888828545975e-06,0.00116728641073129,NA,NA,NA
54206,ERRFI1,TCAGTATTTCCTGGGGATTGTTTGCTTTTTAAGTAAAACACTTCTGACCCATAGCTCAGT,protein_coding,PRJNA215073,A/Panama/2007/1999 (H3N2) vs. mock infection,Calu-3,A/Panama/2007/1999 (H3N2),1,7,-0.00337812500000112,-0.0388486189053124,-6.84696542913401,0.969935352005669,0.983731774067686,NA,NA,NA
54206,ERRFI1,NA,protein_coding,PRJNA349748,A/California/04/09 (H1N1) vs. mock infection,human tracheobronchial epithelial cells (HTBE),A/California/04/09 (H1N1),5,12,-0.489442511,NA,NA,0.001994207,0.021896264,NA,NA,NA
54206,ERRFI1,NA,protein_coding,PRJNA349748,A/California/04/09 (H1N1) vs. mock infection,human tracheobronchial epithelial cells (HTBE),A/California/04/09 (H1N1),5,18,0.579452869,NA,NA,0.000243108,0.001748725,NA,NA,NA
54206,ERRFI1,NA,protein_coding,PRJNA349748,A/California/04/09 (H1N1) vs. mock infection,human tracheobronchial epithelial cells (HTBE),A/California/04/09 (H1N1),5,24,0.982089172,NA,NA,4.5e-10,1.37e-08,NA,NA,NA
54206,ERRFI1,NA,protein_coding,PRJNA349748,A/California/04/09 (H1N1) vs. mock infection,human tracheobronchial epithelial cells (HTBE),A/California/04/09 (H1N1),5,3,-0.54498023,NA,NA,0.000728018,0.03605321,NA,NA,NA
54206,ERRFI1,NA,protein_coding,PRJNA349748,A/California/04/09 (H1N1) vs. mock infection,human tracheobronchial epithelial cells (HTBE),A/California/04/09 (H1N1),5,6,-0.341738754,NA,NA,0.032466338,0.803361398,NA,NA,NA
54206,ERRFI1,NA,protein_coding,PRJNA349748,A/Wyoming/03/03 (H3N2) vs. mock infection,human tracheobronchial epithelial cells (HTBE),A/Wyoming/03/03 (H3N2),5,12,-0.592134814,NA,NA,0.000275554,0.001812343,NA,NA,NA
54206,ERRFI1,NA,protein_coding,PRJNA349748,A/Wyoming/03/03 (H3N2) vs. mock infection,human tracheobronchial epithelial cells (HTBE),A/Wyoming/03/03 (H3N2),5,18,1.73105964,NA,NA,9.71e-28,5.95e-26,NA,NA,NA
54206,ERRFI1,NA,protein_coding,PRJNA349748,A/Wyoming/03/03 (H3N2) vs. mock infection,human tracheobronchial epithelial cells (HTBE),A/Wyoming/03/03 (H3N2),5,3,-0.928249854,NA,NA,5.32e-09,1.14e-06,NA,NA,NA
54206,ERRFI1,NA,protein_coding,PRJNA349748,A/Wyoming/03/03 (H3N2) vs. mock infection,human tracheobronchial epithelial cells (HTBE),A/Wyoming/03/03 (H3N2),5,6,-0.649877217,NA,NA,4.96e-05,0.001476948,NA,NA,NA
54206,ERRFI1,NA,protein_coding,PRJNA349748,A/Vietnam/1203/04 (H5N1) HALo vs. mock infection,human tracheobronchial epithelial cells (HTBE),A/Vietnam/1203/04 (H5N1) HALo,5,12,-0.325182327,NA,NA,0.059405374,0.087018623,NA,NA,NA
54206,ERRFI1,NA,protein_coding,PRJNA349748,A/Vietnam/1203/04 (H5N1) HALo vs. mock infection,human tracheobronchial epithelial cells (HTBE),A/Vietnam/1203/04 (H5N1) HALo,5,18,0.168067419,NA,NA,0.341781565,0.402014842,NA,NA,NA
54206,ERRFI1,NA,protein_coding,PRJNA349748,A/Vietnam/1203/04 (H5N1) HALo vs. mock infection,human tracheobronchial epithelial cells (HTBE),A/Vietnam/1203/04 (H5N1) HALo,5,3,-0.5428283,NA,NA,0.001370847,0.07303779,NA,NA,NA
54206,ERRFI1,NA,protein_coding,PRJNA349748,A/Vietnam/1203/04 (H5N1) HALo vs. mock infection,human tracheobronchial epithelial cells (HTBE),A/Vietnam/1203/04 (H5N1) HALo,5,6,-1.783767897,NA,NA,2.35e-22,1.37e-20,NA,NA,NA
54206,ERRFI1,NA,protein_coding,PRJNA382632,A/California/04/09 (H1N1) vs. mock infection,human monocyte-derived macrophages (MDM),A/California/04/09 (H1N1),2,12,1.156769251,NA,NA,0.000238267,0.000795445,NA,NA,NA
54206,ERRFI1,NA,protein_coding,PRJNA382632,A/California/04/09 (H1N1) vs. mock infection,human monocyte-derived macrophages (MDM),A/California/04/09 (H1N1),2,18,1.06270249,NA,NA,0.001785372,0.004718656,NA,NA,NA
54206,ERRFI1,NA,protein_coding,PRJNA382632,A/California/04/09 (H1N1) vs. mock infection,human monocyte-derived macrophages (MDM),A/California/04/09 (H1N1),2,3,0.24382585,NA,NA,0.416800587,1,NA,NA,NA
54206,ERRFI1,NA,protein_coding,PRJNA382632,A/California/04/09 (H1N1) vs. mock infection,human monocyte-derived macrophages (MDM),A/California/04/09 (H1N1),2,6,0.282090074,NA,NA,0.375738676,0.594575062,NA,NA,NA
54206,ERRFI1,NA,protein_coding,PRJNA382632,A/Wyoming/03/03 (H3N2) vs. mock infection,human monocyte-derived macrophages (MDM),A/Wyoming/03/03 (H3N2),2,12,1.479050909,NA,NA,8.68e-06,2.85e-05,NA,NA,NA
54206,ERRFI1,NA,protein_coding,PRJNA382632,A/Wyoming/03/03 (H3N2) vs. mock infection,human monocyte-derived macrophages (MDM),A/Wyoming/03/03 (H3N2),2,18,1.380465669,NA,NA,2.53e-06,7.18e-06,NA,NA,NA
54206,ERRFI1,NA,protein_coding,PRJNA382632,A/Wyoming/03/03 (H3N2) vs. mock infection,human monocyte-derived macrophages (MDM),A/Wyoming/03/03 (H3N2),2,3,-0.030977141,NA,NA,0.869162662,0.989546722,NA,NA,NA
54206,ERRFI1,NA,protein_coding,PRJNA382632,A/Wyoming/03/03 (H3N2) vs. mock infection,human monocyte-derived macrophages (MDM),A/Wyoming/03/03 (H3N2),2,6,0.09477547,NA,NA,0.700333516,0.764031695,NA,NA,NA
54206,ERRFI1,NA,protein_coding,PRJNA382632,A/Vietnam/1203/04 (H5N1) HALo vs. mock infection,human monocyte-derived macrophages (MDM),A/Vietnam/1203/04 (H5N1) HALo,2,12,3.618006379,NA,NA,9.79e-13,6.02e-12,NA,NA,NA
54206,ERRFI1,NA,protein_coding,PRJNA382632,A/Vietnam/1203/04 (H5N1) HALo vs. mock infection,human monocyte-derived macrophages (MDM),A/Vietnam/1203/04 (H5N1) HALo,2,18,4.00846723,NA,NA,2.11e-15,1.33e-14,NA,NA,NA
54206,ERRFI1,NA,protein_coding,PRJNA382632,A/Vietnam/1203/04 (H5N1) HALo vs. mock infection,human monocyte-derived macrophages (MDM),A/Vietnam/1203/04 (H5N1) HALo,2,3,-0.110668258,NA,NA,0.826653917,1,NA,NA,NA
54206,ERRFI1,NA,protein_coding,PRJNA382632,A/Vietnam/1203/04 (H5N1) HALo vs. mock infection,human monocyte-derived macrophages (MDM),A/Vietnam/1203/04 (H5N1) HALo,2,6,-0.23859761,NA,NA,0.641897662,0.758944828,NA,NA,NA
54206,ERRFI1,NA,protein_coding,PRJNA557257,A/Panama/2007/1999 (H3N2) vs. mock infection,lung explants,A/Panama/2007/1999 (H3N2),1E5 PFU/mL,24,-0.616772635565402,NA,NA,0.0175879294118859,0.201548392652439,11217.2533330285,0.259783332310952,-2.37418093793309
54206,ERRFI1,NA,protein_coding,PRJNA559077,A/swine/Zhejiang/04 (H3N2) vs. mock infection,A549,A/swine/Zhejiang/04 (H3N2),10,24,-1.89823593759525,NA,NA,9.00035662467557e-30,1.18248492447009e-28,2473.99413827433,0.167495434435561,-11.3330607726239
54206,ERRFI1,NA,protein_coding,PRJNA559077,A/Hangzhou/1/2013 (H7N9) vs. mock infection,A549,A/Hangzhou/1/2013 (H7N9),10,24,-0.0109277584555708,NA,NA,0.946430358197204,1,2473.99413827433,0.162639388626231,-0.0671901102671036
54206,ERRFI1,NA,protein_coding,PRJNA667475,A/WSN/1933 (H1N1) vs. mock infection,A549,A/WSN/1933 (H1N1),0.02,24,0.483303498408149,NA,NA,1.20956361326657e-12,2.34470480131634e-11,1730.04206058242,0.0680299597182266,7.10427435809083
54206,ERRFI1,NA,protein_coding,PRJNA795161,A/Oklahoma/447/2008 (H1N1) vs. mock infection,human bronchial epithelial cells (HBEC),A/Oklahoma/447/2008 (H1N1),N.A.,48,-0.575077933903726,NA,NA,NA,NA,2069.54071557626,1.16588969363425,-0.493252438068237
