entrezID,gene_symbol,probe_seq,biotype,bioproject,res_design,host_type,virus_strain,M.O.I,H.P.I,log2FoldChange,t,B,pvalue,padj,baseMean,lfcSE,stat
NA,XLOC_004493,CACCCTACGTAAGTTGACATTTTGTACAGACTAGAAGAAATGTGTGGTATGAGATCAATA,NA,PRJNA215073,A/Anhui/01/2013 (H7N9) vs. mock infection,Calu-3,A/Anhui/01/2013 (H7N9),1,12,NA,NA,NA,NA,NA,NA,NA,NA
NA,XLOC_004493,CACCCTACGTAAGTTGACATTTTGTACAGACTAGAAGAAATGTGTGGTATGAGATCAATA,NA,PRJNA215073,A/Anhui/01/2013 (H7N9) vs. mock infection,Calu-3,A/Anhui/01/2013 (H7N9),1,24,NA,NA,NA,NA,NA,NA,NA,NA
NA,XLOC_004493,CACCCTACGTAAGTTGACATTTTGTACAGACTAGAAGAAATGTGTGGTATGAGATCAATA,NA,PRJNA215073,A/Anhui/01/2013 (H7N9) vs. mock infection,Calu-3,A/Anhui/01/2013 (H7N9),1,3,NA,NA,NA,NA,NA,NA,NA,NA
NA,XLOC_004493,CACCCTACGTAAGTTGACATTTTGTACAGACTAGAAGAAATGTGTGGTATGAGATCAATA,NA,PRJNA215073,A/Anhui/01/2013 (H7N9) vs. mock infection,Calu-3,A/Anhui/01/2013 (H7N9),1,7,NA,NA,NA,NA,NA,NA,NA,NA
NA,XLOC_004493,CACCCTACGTAAGTTGACATTTTGTACAGACTAGAAGAAATGTGTGGTATGAGATCAATA,NA,PRJNA215073,A/Netherland/219/2003 (H7N7) vs. mock infection,Calu-3,A/Netherland/219/2003 (H7N7),1,12,NA,NA,NA,NA,NA,NA,NA,NA
NA,XLOC_004493,CACCCTACGTAAGTTGACATTTTGTACAGACTAGAAGAAATGTGTGGTATGAGATCAATA,NA,PRJNA215073,A/Netherland/219/2003 (H7N7) vs. mock infection,Calu-3,A/Netherland/219/2003 (H7N7),1,24,NA,NA,NA,NA,NA,NA,NA,NA
NA,XLOC_004493,CACCCTACGTAAGTTGACATTTTGTACAGACTAGAAGAAATGTGTGGTATGAGATCAATA,NA,PRJNA215073,A/Netherland/219/2003 (H7N7) vs. mock infection,Calu-3,A/Netherland/219/2003 (H7N7),1,3,NA,NA,NA,NA,NA,NA,NA,NA
NA,XLOC_004493,CACCCTACGTAAGTTGACATTTTGTACAGACTAGAAGAAATGTGTGGTATGAGATCAATA,NA,PRJNA215073,A/Netherland/219/2003 (H7N7) vs. mock infection,Calu-3,A/Netherland/219/2003 (H7N7),1,7,NA,NA,NA,NA,NA,NA,NA,NA
NA,XLOC_004493,CACCCTACGTAAGTTGACATTTTGTACAGACTAGAAGAAATGTGTGGTATGAGATCAATA,NA,PRJNA215073,A/Vietnam/1203/2004 (H5N1) vs. mock infection,Calu-3,A/Vietnam/1203/2004 (H5N1),1,12,NA,NA,NA,NA,NA,NA,NA,NA
NA,XLOC_004493,CACCCTACGTAAGTTGACATTTTGTACAGACTAGAAGAAATGTGTGGTATGAGATCAATA,NA,PRJNA215073,A/Vietnam/1203/2004 (H5N1) vs. mock infection,Calu-3,A/Vietnam/1203/2004 (H5N1),1,24,NA,NA,NA,NA,NA,NA,NA,NA
NA,XLOC_004493,CACCCTACGTAAGTTGACATTTTGTACAGACTAGAAGAAATGTGTGGTATGAGATCAATA,NA,PRJNA215073,A/Vietnam/1203/2004 (H5N1) vs. mock infection,Calu-3,A/Vietnam/1203/2004 (H5N1),1,3,NA,NA,NA,NA,NA,NA,NA,NA
NA,XLOC_004493,CACCCTACGTAAGTTGACATTTTGTACAGACTAGAAGAAATGTGTGGTATGAGATCAATA,NA,PRJNA215073,A/Vietnam/1203/2004 (H5N1) vs. mock infection,Calu-3,A/Vietnam/1203/2004 (H5N1),1,7,NA,NA,NA,NA,NA,NA,NA,NA
NA,XLOC_004493,CACCCTACGTAAGTTGACATTTTGTACAGACTAGAAGAAATGTGTGGTATGAGATCAATA,NA,PRJNA215073,A/Panama/2007/1999 (H3N2) vs. mock infection,Calu-3,A/Panama/2007/1999 (H3N2),1,12,NA,NA,NA,NA,NA,NA,NA,NA
NA,XLOC_004493,CACCCTACGTAAGTTGACATTTTGTACAGACTAGAAGAAATGTGTGGTATGAGATCAATA,NA,PRJNA215073,A/Panama/2007/1999 (H3N2) vs. mock infection,Calu-3,A/Panama/2007/1999 (H3N2),1,24,NA,NA,NA,NA,NA,NA,NA,NA
NA,XLOC_004493,CACCCTACGTAAGTTGACATTTTGTACAGACTAGAAGAAATGTGTGGTATGAGATCAATA,NA,PRJNA215073,A/Panama/2007/1999 (H3N2) vs. mock infection,Calu-3,A/Panama/2007/1999 (H3N2),1,3,NA,NA,NA,NA,NA,NA,NA,NA
NA,XLOC_004493,CACCCTACGTAAGTTGACATTTTGTACAGACTAGAAGAAATGTGTGGTATGAGATCAATA,NA,PRJNA215073,A/Panama/2007/1999 (H3N2) vs. mock infection,Calu-3,A/Panama/2007/1999 (H3N2),1,7,NA,NA,NA,NA,NA,NA,NA,NA
